m=1.8913105799576022
M=1.4894128845746933e7

FITTING
data of Denmark to fit
radius=[40.29, 42.79, 44.29, 41.29, 44.29, 42.79, 45.29, 43.29, 45.29, 43.79, 44.29, 43.79, 44.79, 45.79, 42.24, 44.79]
LT=[4.7392, 4.5503, 5.1143, 4.6844, 3.0773, 4.8925, 3.2799, 4.9856, 3.2635, 4.6789, 4.772, 4.7036, 3.6386, 2.8528, 4.7802, 4.6598]
LTC=[218.21877987195558, 196.61565481186113, 210.65481312806614, 203.39635219816464, 139.04232645967136, 221.05890949986747, 143.91081714051333, 218.75111129477824, 149.26935629755573, 209.46732626339784, 209.25948779542713, 205.53402851344603, 158.511795200439, 124.27924183691867, 210.14414292887423, 207.61625529833762]

fitted curve
x=[30.0, 30.1, 30.2, 30.3, 30.4, 30.5, 30.6, 30.7, 30.8, 30.9, 31.0, 31.1, 31.2, 31.3, 31.4, 31.5, 31.6, 31.7, 31.8, 31.9, 32.0, 32.1, 32.2, 32.3, 32.4, 32.5, 32.6, 32.7, 32.8, 32.9, 33.0, 33.1, 33.2, 33.3, 33.4, 33.5, 33.6, 33.7, 33.8, 33.9, 34.0, 34.1, 34.2, 34.3, 34.4, 34.5, 34.6, 34.7, 34.8, 34.9, 35.0, 35.1, 35.2, 35.3, 35.4, 35.5, 35.6, 35.7, 35.8, 35.9, 36.0, 36.1, 36.2, 36.3, 36.4, 36.5, 36.6, 36.7, 36.8, 36.9, 37.0, 37.1, 37.2, 37.3, 37.4, 37.5, 37.6, 37.7, 37.8, 37.9, 38.0, 38.1, 38.2, 38.3, 38.4, 38.5, 38.6, 38.7, 38.8, 38.9, 39.0, 39.1, 39.2, 39.3, 39.4, 39.5, 39.6, 39.7, 39.8, 39.9, 40.0, 40.1, 40.2, 40.3, 40.4, 40.5, 40.6, 40.7, 40.8, 40.9, 41.0, 41.1, 41.2, 41.3, 41.4, 41.5, 41.6, 41.7, 41.8, 41.9, 42.0, 42.1, 42.2, 42.3, 42.4, 42.5, 42.6, 42.7, 42.8, 42.9, 43.0, 43.1, 43.2, 43.3, 43.4, 43.5, 43.6, 43.7, 43.8, 43.9, 44.0, 44.1, 44.2, 44.3, 44.4, 44.5, 44.6, 44.7, 44.8, 44.9, 45.0, 45.1, 45.2, 45.3, 45.4, 45.5, 45.6, 45.7, 45.8, 45.9, 46.0, 46.1, 46.2, 46.3, 46.4, 46.5, 46.6, 46.7, 46.8, 46.9, 47.0, 47.1, 47.2, 47.3, 47.4, 47.5, 47.6, 47.7, 47.8, 47.9, 48.0, 48.1, 48.2, 48.3, 48.4, 48.5, 48.6, 48.7, 48.8, 48.9, 49.0, 49.1, 49.2, 49.3, 49.4, 49.5, 49.6, 49.7, 49.8, 49.9, 50.0]
y=[557.3993387789216, 552.0619421849623, 546.7931034061862, 541.5917191724423, 536.4567075276412, 531.3870073496703, 526.381577882651, 521.4393982811836, 516.5594671662303, 511.7408021923087, 506.9824396256661, 502.28343393312724, 497.6428573813077, 493.0597996459016, 488.53336743076017, 484.0626840964825, 479.6468892982551, 475.2851386326794, 470.97660329333627, 466.72046973484834, 462.51593934519906, 458.36222812608605, 454.2585663810834, 450.2041984114019, 446.19838221903416, 442.24038921709223, 438.3295039471312, 434.4650238032777, 430.6462587629757, 426.87253112417096, 423.14317524876424, 419.45753731216183, 415.8149750587618, 412.21485756321937, 408.6565649973352, 405.1394884024216, 401.66302946699756, 398.226600309676, 394.82962326710583, 391.4715306868352, 388.1517647249715, 384.86977714850804, 381.62502914220096, 378.41699111987685, 375.24514254005544, 372.1089717257809, 369.0079756885485, 365.94165995622564, 362.9095384048644, 359.9111330943056, 356.9459741074816, 354.0135993933199, 351.1135546131603, 348.2453929905966, 345.4086751646544, 342.60296904622766, 339.82784967768544, 337.08289909557607, 334.36770619634865, 331.6818666050181, 329.0249825467033, 326.3966627209639, 323.7965221788702, 321.22418220273886, 318.67927018846814, 316.1614195304115, 313.6702695087263, 311.20546517913857, 308.76665726506604, 306.35350205204116, 303.9656612843817, 301.6028020640525, 299.2645967516671, 296.9507228695794, 294.6608630070136, 292.394704727187, 290.151940476376, 287.9322674948814, 285.7353877298471, 283.56100774989005, 281.40883866149863, 279.2785960271582, 277.1699997851633, 275.0827741710793, 273.0166476408117, 270.9713527952513, 268.9466263064541, 266.9422088453231, 264.95784501075826, 262.99328326023857, 261.0482758418076, 259.1225787274261, 257.2159515476648, 255.32815752770438, 253.45896342461404, 251.60813946588155, 249.7754592891637, 247.96069988323225, 246.16364153008803, 244.3840677482165, 242.62176523696135, 240.87652382198914, 239.14813640182228, 237.43639889541663, 235.7411101907602, 234.06207209447206, 232.39908928237753, 230.7519692510398, 229.12052227022733, 227.50456133629493, 225.9039021264618, 224.31836295396408, 222.7477647240649, 221.19193089090305, 219.65068741516188, 218.12386272254219, 216.61128766302025, 215.1127954708752, 213.6282217254699, 212.15740431276765, 210.700183387572, 209.2564013364711, 207.82590274147444, 206.40853434432609, 205.0041450114804, 203.61258569972745, 202.23370942245288, 200.86737121652027, 199.513428109763, 198.17173908907213, 196.84216506906952, 195.52456886135266, 194.2188151443, 192.92477043342595, 191.64230305227275, 190.3712831038305, 189.1115824424725, 187.86307464639617, 186.62563499056017, 185.399140420106, 184.18346952425622, 182.97850251067806, 181.7841211803039, 180.60020890259958, 179.42665059127063, 178.26333268039974, 177.11014310100393, 175.96697125800586, 174.83370800760952, 173.71024563507243, 172.59647783286758, 171.49229967922577, 170.39760761705253, 169.3122994332112, 168.23627423816495, 167.1694324459723, 166.11167575462687, 165.0629071267366, 164.02303077053517, 162.99195212121853, 161.9695778226021, 160.95581570909042, 159.95057478795428, 158.9537652219095, 157.96529831199123, 156.98508648071865, 156.01304325554364, 155.04908325257878, 154.09312216059953, 153.14507672531423, 152.20486473389866, 151.27240499978848, 150.34761734772567, 149.43042259905394, 148.52074255725827, 147.61849999374462, 146.72361863385458, 145.836023143111, 144.95563911369027, 144.0823930511169, 143.21621236117682, 142.35702533704438, 141.5047611466202, 140.65934982007514, 139.82072223759695, 138.98881011733644, 138.16354600354822, 137.34486325492384, 136.53269603311287, 135.72697929142896, 134.9276487637376, 134.13464095352185, 133.34789312312336, 132.56734328315514, 131.79293018208298, 131.02459329597312, 130.26227281840224, 129.50590965052757, 128.75544539131403, 128.0108223279155, 127.27198342620798]


FIELD PREDICTIONS

radius=[40.29, 42.79, 44.29, 41.29, 44.29, 42.79, 45.29, 43.29, 45.29, 43.79, 44.29, 43.79, 44.79, 45.79, 42.24, 44.79, 44.29, 44.29, 45.29, 45.29, 46.29, 42.29, 44.29, 40.29, 40.29, 41.29, 34.29, 41.29, 38.29, 40.29, 41.29, 41.29, 38.29]
LT=[4.7392, 4.5503, 5.1143, 4.6844, 3.0773, 4.8925, 3.2799, 4.9856, 3.2635, 4.6789, 4.772, 4.7036, 3.6386, 2.8528, 4.7802, 4.6598, 5.5879, 5.5742, 5.6547, 5.5934, 5.5961, 5.6947, 5.4674, 5.1964, 6.1546, 5.3223, 5.1718, 5.1718, 6.3107, 5.1608, 5.1197, 5.1937, 5.2758]
field=["HGTQDYRUXK", "HGTQDYRUXK", "HGTQDYRUXK", "HGTQDYRUXK", "HGTQDYRUXK", "HGTQDYRUXK", "HGTQDYRUXK", "HGTQDYRUXK", "HGTQDYRUXK", "HGTQDYRUXK", "HGTQDYRUXK", "HGTQDYRUXK", "HGTQDYRUXK", "RETBSFZUZJ", "RETBSFZUZJ", "RETBSFZUZJ", "RETBSFZUZJ", "RETBSFZUZJ", "RETBSFZUZJ", "RETBSFZUZJ", "TRVJCDWMRI", "TRVJCDWMRI", "TRVJCDWMRI", "TRVJCDWMRI", "TRVJCDWMRI", "TRVJCDWMRI", "TRVJCDWMRI", "TRVJCDWMRI", "TRVJCDWMRI", "TRVJCDWMRI"]

x=0.0:0.1:46.0
y1=[20.0, 20.0, 20.0, 20.0, 20.0, 20.0, 20.0, 20.0, 20.0, 20.0, 20.0, 20.0, 20.0, 20.0, 20.0, 20.0, 20.0, 20.0, 20.0, 20.0, 20.0, 20.0, 20.0, 20.0, 20.0, 20.0, 20.0, 20.0, 20.0, 20.0, 20.0, 20.0, 20.0, 20.0, 20.0, 20.0, 20.0, 20.0, 20.0, 20.0, 20.0, 20.0, 20.0, 20.0, 20.0, 20.0, 20.0, 20.0, 20.0, 20.0, 20.0, 20.0, 20.0, 20.0, 20.0, 20.0, 20.0, 20.0, 20.0, 20.0, 20.0, 20.0, 20.0, 20.0, 20.0, 20.0, 20.0, 20.0, 20.0, 20.0, 20.0, 20.0, 20.0, 20.0, 20.0, 20.0, 20.0, 20.0, 20.0, 20.0, 20.0, 20.0, 20.0, 20.0, 20.0, 20.0, 20.0, 20.0, 20.0, 20.0, 20.0, 20.0, 20.0, 20.0, 20.0, 20.0, 20.0, 20.0, 20.0, 20.0, 20.0, 20.0, 20.0, 20.0, 20.0, 20.0, 20.0, 20.0, 20.0, 20.0, 20.0, 20.0, 20.0, 20.0, 20.0, 20.0, 20.0, 20.0, 20.0, 20.0, 20.0, 20.0, 20.0, 20.0, 20.0, 20.0, 20.0, 20.0, 20.0, 20.0, 20.0, 20.0, 20.0, 20.0, 20.0, 20.0, 20.0, 20.0, 20.0, 20.0, 20.0, 20.0, 20.0, 20.0, 20.0, 20.0, 20.0, 20.0, 20.0, 20.0, 20.0, 20.0, 20.0, 20.0, 20.0, 20.0, 20.0, 20.0, 20.0, 20.0, 20.0, 20.0, 20.0, 20.0, 20.0, 20.0, 20.0, 20.0, 20.0, 20.0, 20.0, 20.0, 20.0, 20.0, 20.0, 20.0, 20.0, 20.0, 20.0, 20.0, 20.0, 20.0, 20.0, 20.0, 20.0, 20.0, 20.0, 20.0, 20.0, 20.0, 20.0, 20.0, 20.0, 20.0, 20.0, 20.0, 20.0, 20.0, 20.0, 20.0, 20.0, 20.0, 20.0, 20.0, 20.0, 20.0, 20.0, 20.0, 20.0, 20.0, 20.0, 20.0, 20.0, 20.0, 20.0, 20.0, 20.0, 20.0, 20.0, 20.0, 20.0, 20.0, 20.0, 20.0, 20.0, 20.0, 20.0, 20.0, 20.0, 20.0, 20.0, 20.0, 20.0, 20.0, 20.0, 20.0, 20.0, 20.0, 20.0, 20.0, 20.0, 20.0, 20.0, 20.0, 20.0, 20.0, 20.0, 20.0, 20.0, 20.0, 20.0, 20.0, 20.0, 20.0, 20.0, 20.0, 20.0, 19.94813024351362, 19.725397371396422, 19.505998707031228, 19.289871753032724, 19.076955417595748, 18.86718997765838, 18.660517043166234, 18.456879522401263, 18.256221588339184, 18.05848864600152, 17.86362730076908, 17.671585327625138, 17.482311641297823, 17.29575626727189, 17.1118703136419, 16.930605943778975, 16.751916349784953, 16.57575572670847, 16.402079247498314, 16.23084303867054, 16.06200415666629, 15.89552056487855, 15.731351111326438, 15.569455506956535, 15.409794304551609, 15.2523288782275, 15.097021403499777, 14.943834837902562, 14.792732902142006, 14.64368006176827, 14.496641509349612, 14.3515831471334, 14.208471570179016, 14.067274049948185, 13.927958518338931, 13.790493552149536, 13.654848357959636, 13.520992757415778, 13.388897172909353, 13.258532613635118, 13.129870662018984, 13.002883460504009, 12.877543698684116, 12.7538246007751, 12.631699913413152, 12.511143893771154, 12.392131297983488, 12.274637369870478, 12.158637829953538, 12.044108864752818, 11.931027116359065, 11.819369672271812, 11.709114055496366, 11.600238214892036, 11.492720515764562, 11.38653973069576, 11.281675030603648, 11.178105976026586, 11.075812508625111, 10.974774942895337, 10.87497395808805, 10.776390590327694, 10.679006224925784, 10.582802588883288, 10.487761743576778, 10.3938660776233, 10.301098299919085, 10.209441432847226, 10.118878805649917, 10.029394047960562, 9.940971083491576, 9.853594123873577, 9.767247662641944, 9.681916469366753, 9.59758558392228, 9.514240310892284, 9.431866214107536, 9.350449111311999, 9.26997506895435, 9.190430397101446, 9.111801644470559, 9.034075593577299, 8.957239255996132, 8.881279867730647, 8.806184884690596, 8.731941978273069, 8.658539031045018, 8.585964132524545, 8.514205575058456, 8.44325184979355, 8.373091642739277, 8.303713830919465, 8.235107478610772, 8.167261833665785, 8.10016632391851, 8.033810553670245, 7.968184300253821, 7.903277510674173, 7.839080298323463, 7.775582939768756, 7.712775871610565, 7.650649687410422, 7.58919513468582, 7.52840311197088, 7.468264665941045, 7.408770988600355, 7.349913414529654, 7.291683418194318, 7.234072611310072, 7.177072740265386, 7.120675683599231, 7.064873449532714, 7.0096581735534, 6.955022116051029, 6.900957660003377, 6.8474573087110855, 6.794513683580296, 6.742119521951942, 6.690267674976635, 6.638951105533992, 6.588162886195449, 6.537896197229476, 6.488144324648213, 6.4389006582946005, 6.3901586899690015, 6.341912011594448, 6.294154313419584, 6.246879382258438, 6.200081099766229, 6.153753440750284, 6.107890471515342, 6.062486348242422, 6.017535315400495, 5.973031704190232, 5.928969931019057, 5.8853444960068515, 5.842149981521578, 5.799381050744154, 5.757032446261959, 5.715098988690263, 5.673575575321025, 5.632457178798403, 5.591738845820384, 5.551415695866007, 5.511482919947533, 5.471935779387079, 5.432769604617135, 5.393979794004462, 5.355561812696862, 5.317511191492286, 5.279823525729848, 5.242494474202215, 5.205519758088939, 5.168895159910282, 5.132616522501072, 5.096679748004166, 5.061080796883115, 5.025815686953573, 4.9908804924331385, 4.956271343009117, 4.921984422923931, 4.888015970077731, 4.8543622751478726, 4.821019680724926, 4.787984580464803, 4.755253418256734, 4.722822687406725, 4.690688929836164, 4.658848735295296, 4.627298740591221, 4.5960356288301325, 4.565056128673496, 4.534357013607871, 4.503935101228125, 4.473787252533723, 4.443910371237843, 4.414301403089075, 4.384957335205404, 4.3558751954202535, 4.327052051640364, 4.298485011215198, 4.270171220317727, 4.242107863336279, 4.214292162277321, 4.186721376178863, 4.15939280053433, 4.132303766726677, 4.105451641472529, 4.078833826276175, 4.05244775689318, 4.026290902803468, 4.000360766693651, 3.9746548839484417, 3.9491708221509705, 3.9239061805918225, 3.898858589786632, 3.874025711002059, 3.8494052357899826, 3.824994885529774, 3.8007924109784605, 3.776795591828639, 3.753002236274002, 3.7294101805823034, 3.706017288675652]
y2=[20.0, 20.0, 20.0, 20.0, 20.0, 20.0, 20.0, 20.0, 20.0, 20.0, 20.0, 20.0, 20.0, 20.0, 20.0, 20.0, 20.0, 20.0, 20.0, 20.0, 20.0, 20.0, 20.0, 20.0, 20.0, 20.0, 20.0, 20.0, 20.0, 20.0, 20.0, 20.0, 20.0, 20.0, 20.0, 20.0, 20.0, 20.0, 20.0, 20.0, 20.0, 20.0, 20.0, 20.0, 20.0, 20.0, 20.0, 20.0, 20.0, 20.0, 20.0, 20.0, 20.0, 20.0, 20.0, 20.0, 20.0, 20.0, 20.0, 20.0, 20.0, 20.0, 20.0, 20.0, 20.0, 20.0, 20.0, 20.0, 20.0, 20.0, 20.0, 20.0, 20.0, 20.0, 20.0, 20.0, 20.0, 20.0, 20.0, 20.0, 20.0, 20.0, 20.0, 20.0, 20.0, 20.0, 20.0, 20.0, 20.0, 20.0, 20.0, 20.0, 20.0, 20.0, 20.0, 20.0, 20.0, 20.0, 20.0, 20.0, 20.0, 20.0, 20.0, 20.0, 20.0, 20.0, 20.0, 20.0, 20.0, 20.0, 20.0, 20.0, 20.0, 20.0, 20.0, 20.0, 20.0, 20.0, 20.0, 20.0, 20.0, 20.0, 20.0, 20.0, 20.0, 20.0, 20.0, 20.0, 20.0, 20.0, 20.0, 20.0, 20.0, 20.0, 20.0, 20.0, 20.0, 20.0, 20.0, 20.0, 20.0, 20.0, 20.0, 20.0, 20.0, 20.0, 20.0, 20.0, 20.0, 20.0, 20.0, 20.0, 20.0, 20.0, 20.0, 20.0, 20.0, 20.0, 20.0, 20.0, 20.0, 20.0, 20.0, 20.0, 20.0, 20.0, 20.0, 20.0, 20.0, 20.0, 20.0, 20.0, 20.0, 20.0, 20.0, 20.0, 20.0, 20.0, 20.0, 20.0, 20.0, 20.0, 20.0, 20.0, 20.0, 20.0, 20.0, 20.0, 20.0, 20.0, 20.0, 20.0, 20.0, 20.0, 20.0, 20.0, 20.0, 20.0, 20.0, 20.0, 20.0, 20.0, 20.0, 20.0, 20.0, 20.0, 20.0, 20.0, 20.0, 20.0, 20.0, 20.0, 20.0, 20.0, 20.0, 20.0, 20.0, 20.0, 20.0, 20.0, 20.0, 20.0, 20.0, 20.0, 20.0, 20.0, 20.0, 20.0, 20.0, 20.0, 20.0, 20.0, 20.0, 20.0, 20.0, 20.0, 20.0, 20.0, 20.0, 20.0, 20.0, 20.0, 20.0, 20.0, 20.0, 20.0, 20.0, 20.0, 20.0, 20.0, 20.0, 20.0, 20.0, 20.0, 20.0, 20.0, 20.0, 20.0, 20.0, 20.0, 20.0, 20.0, 20.0, 20.0, 20.0, 20.0, 20.0, 20.0, 20.0, 20.0, 20.0, 20.0, 20.0, 20.0, 20.0, 20.0, 20.0, 20.0, 20.0, 20.0, 20.0, 20.0, 20.0, 20.0, 20.0, 20.0, 20.0, 20.0, 20.0, 20.0, 20.0, 20.0, 20.0, 20.0, 19.933359141396718, 19.738616878443047, 19.546426583991636, 19.356746363359107, 19.16953514746887, 18.984752673882912, 18.80235946833095, 18.622316826722297, 18.444586797626375, 18.269132165207893, 18.095916432603822, 17.924903805728995, 17.75605917749811, 17.58934811245198, 17.42473683177653, 17.262192198703215, 17.10168170427984, 16.943173453501505, 16.786636151791097, 16.632039091819703, 16.479352140657245, 16.328545727244, 16.179590830174075, 16.03245896578212, 15.887122176524702, 15.743553019648363, 15.601724556136208, 15.461610339925452, 15.323184407388457, 15.186421267069992, 15.051295889673678, 14.917783698290963, 14.78586055886583, 14.655502770889013, 14.526687058315426, 14.399390560698794, 14.27359082453775, 14.149265794827583, 14.026393806812244, 13.904953577931272, 13.78492419995639, 13.666285131312916, 13.549016189580893, 13.433097544171375, 13.318509709173235, 13.205233536365958, 13.093250208394256, 12.98254123210008, 12.873088432008165, 12.764873943960962, 12.657880208899192, 12.552089966784346, 12.447486250659308, 12.344052380843758, 12.241771959260804, 12.140628863891544, 12.040607243354371, 11.941691511605754, 11.843866342759537, 11.747116666021753, 11.651427660737982, 11.556784751550609, 11.463173603663055, 11.370580118208464, 11.278990427720183, 11.188390891701532, 11.0987680922925, 11.010108830030807, 10.922400119705232, 10.835629186298796, 10.74978346101965, 10.66485057741763, 10.580818367584232, 10.497674858434165, 10.415408268066377, 10.334007002202718, 10.253459650702403, 10.173754984150385, 10.094881950517905, 10.016829671893568, 9.93958744128313, 9.863144719476576, 9.787491131980673, 9.712616466015636, 9.638510667574314, 9.565163838542446, 9.492566233878591, 9.420708258852326, 9.349580466339312, 9.279173554172017, 9.20947836254468, 9.14048587147141, 9.07218719829606, 9.004573595252785, 8.937636447076075, 8.87136726865917, 8.80575770275975, 8.740799517751768, 8.676484605422495, 8.612804978813642, 8.549752770105645, 8.487320228544109, 8.425499718407478, 8.364283717014997, 8.303664812774091, 8.243635703266236, 8.184189193370566, 8.125318193424256, 8.067015717418974, 8.009274881232535, 7.952088900895027, 7.895451090888667, 7.839354862480582, 7.783793722087871, 7.728761269674205, 7.674251197177281, 7.620257286966501, 7.566773410330175, 7.513793525991629, 7.461311678653624, 7.4093219975704185, 7.357818695146974, 7.306796065564624, 7.256248483432716, 7.2061704024656565, 7.156556354184776, 7.1074009466446, 7.058698863182872, 7.010444861193935, 6.962633770924945, 6.915260494294404, 6.868320003732646, 6.821807341043691, 6.775717616288116, 6.730046006686486, 6.684787755542868, 6.639938171188125, 6.595492625942461, 6.551446555096884, 6.5077954559132225, 6.46453488664223, 6.421660465559521, 6.379167870018891, 6.3370528355226785, 6.295311154808873, 6.253938676954566, 6.2129313064954825, 6.172285002561197, 6.131995778025779, 6.092059698673527, 6.052472882379499, 6.013231498304557, 5.974331766104598, 5.935769955153744, 5.897542383781162, 5.85964541852128, 5.822075473377131, 5.784829009096546, 5.747902532460961, 5.711292595586602, 5.674995795237752, 5.639008772151954, 5.603328210376841, 5.56795083661838, 5.5328734196003575, 5.49809276943482, 5.463605737003313]
y3=[20.0, 20.0, 20.0, 20.0, 20.0, 20.0, 20.0, 20.0, 20.0, 20.0, 20.0, 20.0, 20.0, 20.0, 20.0, 20.0, 20.0, 20.0, 20.0, 20.0, 20.0, 20.0, 20.0, 20.0, 20.0, 20.0, 20.0, 20.0, 20.0, 20.0, 20.0, 20.0, 20.0, 20.0, 20.0, 20.0, 20.0, 20.0, 20.0, 20.0, 20.0, 20.0, 20.0, 20.0, 20.0, 20.0, 20.0, 20.0, 20.0, 20.0, 20.0, 20.0, 20.0, 20.0, 20.0, 20.0, 20.0, 20.0, 20.0, 20.0, 20.0, 20.0, 20.0, 20.0, 20.0, 20.0, 20.0, 20.0, 20.0, 20.0, 20.0, 20.0, 20.0, 20.0, 20.0, 20.0, 20.0, 20.0, 20.0, 20.0, 20.0, 20.0, 20.0, 20.0, 20.0, 20.0, 20.0, 20.0, 20.0, 20.0, 20.0, 20.0, 20.0, 20.0, 20.0, 20.0, 20.0, 20.0, 20.0, 20.0, 20.0, 20.0, 20.0, 20.0, 20.0, 20.0, 20.0, 20.0, 20.0, 20.0, 20.0, 20.0, 20.0, 20.0, 20.0, 20.0, 20.0, 20.0, 20.0, 20.0, 20.0, 20.0, 20.0, 20.0, 20.0, 20.0, 20.0, 20.0, 20.0, 20.0, 20.0, 20.0, 20.0, 20.0, 20.0, 20.0, 20.0, 20.0, 20.0, 20.0, 20.0, 20.0, 20.0, 20.0, 20.0, 20.0, 20.0, 20.0, 20.0, 20.0, 20.0, 20.0, 20.0, 20.0, 20.0, 20.0, 20.0, 20.0, 20.0, 20.0, 20.0, 20.0, 20.0, 20.0, 20.0, 20.0, 20.0, 20.0, 20.0, 20.0, 20.0, 20.0, 20.0, 20.0, 20.0, 20.0, 20.0, 20.0, 20.0, 20.0, 20.0, 20.0, 20.0, 20.0, 20.0, 20.0, 20.0, 20.0, 20.0, 20.0, 20.0, 20.0, 20.0, 20.0, 20.0, 20.0, 20.0, 20.0, 20.0, 20.0, 20.0, 20.0, 20.0, 20.0, 20.0, 20.0, 20.0, 20.0, 20.0, 20.0, 20.0, 20.0, 20.0, 20.0, 20.0, 20.0, 20.0, 20.0, 20.0, 20.0, 20.0, 20.0, 20.0, 20.0, 20.0, 20.0, 20.0, 20.0, 20.0, 20.0, 20.0, 20.0, 20.0, 20.0, 20.0, 20.0, 20.0, 20.0, 19.829266594966793, 19.590329349782937, 19.355250927377888, 19.123953316851996, 18.896360398995665, 18.672397892851386, 18.451993303997448, 18.235075874490825, 18.0215765344097, 17.811427854938213, 17.604564002938236, 17.40092069695556, 17.200435164609274, 17.00304610131596, 16.808693630301402, 16.617319263854952, 16.4288658657832, 16.243277615021185, 16.060499970361192, 15.88047963626056, 15.703164529691456, 15.528503747997032, 15.356447537719564, 15.186947264367705, 15.019955383091023, 14.855425410231238, 14.69331189572086, 14.533570396300727, 14.376157449529327, 14.221030548557527, 14.068148117643421, 13.917469488383, 13.768954876633005, 13.62256536010351, 13.47826285659826, 13.336010102881833, 13.195770634153341, 13.057508764107096, 12.921189565561448, 12.786778851637557, 12.654243157470612, 12.523549722436613, 12.394666472878306, 12.267562005314652, 12.142205570118515, 12.018567055647987, 11.896616972817226, 11.776326440092975, 11.657667168903803, 11.540611449449145, 11.425132136895884, 11.311202637950677, 11.198796897796393, 11.087889387381729, 10.978455091053142, 10.870469494518861, 10.763908573134897, 10.658748780503387, 10.554967037373968, 10.452540720839067, 10.3514476538144, 10.251666094796267, 10.153174727887356, 10.055952653083292, 9.95997937681215, 9.865234802719597, 9.77169922269251, 9.679353308114099, 9.588178101343859, 9.49815500741586, 9.40926578594905, 9.321492543263552, 9.23481772469703, 9.149224107115423, 9.064694791612506, 8.98121319639298, 8.898763049833878, 8.817328383719252, 8.736893526643321, 8.65744309757736, 8.57896199959569, 8.501435413756495, 8.424848793133048, 8.349187856991236, 8.27443858510937, 8.200587212236366, 8.127620222684481, 8.055524345053003, 7.984286547079252, 7.9138940306134975, 7.844334226714427, 7.775594790861884, 7.707663598283819, 7.640528739394263, 7.574178515339464, 7.50860143364927, 7.443786203990925, 7.379721734022682, 7.316397125344443, 7.253801669542993, 7.191924844329326, 7.130756309765576, 7.070285904579352, 7.01050364256306, 6.951399709056123, 6.892964457507894, 6.835188406119176, 6.778062234560406, 6.721576780764424, 6.665723037792024, 6.610492150768359, 6.555875413888443, 6.50186426748999, 6.448450295191878, 6.395625221096596, 6.343380907055059, 6.291709349992221, 6.240602679292011, 6.190053154240046, 6.140053161522748, 6.090595212781426, 6.041671942219971, 5.993276104264901, 5.945400571276357, 5.898038331308914, 5.851182485920929, 5.804826248031239, 5.758962939822124, 5.713585990687309, 5.668688935224021, 5.62426541126797, 5.580309157970239, 5.536814013915117, 5.49377391527783, 5.451182894021277, 5.40903507613079, 5.3673246798860825, 5.326046014169448, 5.28519347680938, 5.244761552958776, 5.20474481350692, 5.165137913524427, 5.125935590740433, 5.0871326640512216, 5.048724032059587, 5.01070467164423, 4.973069636558458, 4.935814056057566, 4.898933133554188, 4.862422145301001, 4.826276439100176, 4.790491433038908, 4.755062614250517, 4.719985537700453, 4.685255824996697, 4.650869163223994, 4.616821303801361, 4.583108061362399, 4.549725312657826, 4.516668995479797, 4.483935107607499, 4.451519705773527, 4.4194189046506445, 4.387628875858403, 4.356145846989227, 4.3249661006535245, 4.294085973543404, 4.2635018555145985, 4.233210188686184, 4.203207466557718, 4.1734902331434105, 4.1440550821229625, 4.114898656008715, 4.0860176453287504, 4.057408787825599, 4.029068867670229, 4.000994714690971, 3.9731832036170958, 3.9456312533366846, 3.9183358261685197, 3.8912939271476947, 3.8645026033246355, 3.837958943077285, 3.811660075436129, 3.785603169421823, 3.759785433395156, 3.73420411441907, 3.7088564976325165, 3.683739905635875, 3.6588516978877057, 3.6341892701126035, 3.60975005371991, 3.5855315152330878, 3.5615311557295093, 3.5377465102904484, 3.514175147461089, 3.4908146687203194, 3.4676627079601308, 3.444716930974421, 3.421975034956995, 3.3994347480086047, 3.377093828652822, 3.3549500653605846, 3.333001276083222, 3.311245307793807, 3.2896800360366565, 3.268303364484822, 3.2471132245054166, 3.2261075747326085, 3.205284400648141, 3.1846417141692265, 3.164177553243661, 3.1438899814520367, 3.12377708761689, 3.103836985418663, 3.084067813018339, 3.0644677326866203, 3.04503493043954, 3.0257676156803415, 3.0066640208475537, 2.9877224010690995, 2.9689410338223436, 2.9503182185999686]

POINT PREDICTIONS

radius=[44.79, 44.29, 38.29]
LT=[4.6598, 5.4674, 5.2758]
field=["HGTQDYRUXK", "RETBSFZUZJ", "TRVJCDWMRI"]
0.0:0.1:46.0
y1=[20.0, 20.0, 20.0, 20.0, 20.0, 20.0, 20.0, 20.0, 20.0, 20.0, 20.0, 20.0, 20.0, 20.0, 20.0, 20.0, 20.0, 20.0, 20.0, 20.0, 20.0, 20.0, 20.0, 20.0, 20.0, 20.0, 20.0, 20.0, 20.0, 20.0, 20.0, 20.0, 20.0, 20.0, 20.0, 20.0, 20.0, 20.0, 20.0, 20.0, 20.0, 20.0, 20.0, 20.0, 20.0, 20.0, 20.0, 20.0, 20.0, 20.0, 20.0, 20.0, 20.0, 20.0, 20.0, 20.0, 20.0, 20.0, 20.0, 20.0, 20.0, 20.0, 20.0, 20.0, 20.0, 20.0, 20.0, 20.0, 20.0, 20.0, 20.0, 20.0, 20.0, 20.0, 20.0, 20.0, 20.0, 20.0, 20.0, 20.0, 20.0, 20.0, 20.0, 20.0, 20.0, 20.0, 20.0, 20.0, 20.0, 20.0, 20.0, 20.0, 20.0, 20.0, 20.0, 20.0, 20.0, 20.0, 20.0, 20.0, 20.0, 20.0, 20.0, 20.0, 20.0, 20.0, 20.0, 20.0, 20.0, 20.0, 20.0, 20.0, 20.0, 20.0, 20.0, 20.0, 20.0, 20.0, 20.0, 20.0, 20.0, 20.0, 20.0, 20.0, 20.0, 20.0, 20.0, 20.0, 20.0, 20.0, 20.0, 20.0, 20.0, 20.0, 20.0, 20.0, 20.0, 20.0, 20.0, 20.0, 20.0, 20.0, 20.0, 20.0, 20.0, 20.0, 20.0, 20.0, 20.0, 20.0, 20.0, 20.0, 20.0, 20.0, 20.0, 20.0, 20.0, 20.0, 20.0, 20.0, 20.0, 20.0, 20.0, 20.0, 20.0, 20.0, 20.0, 20.0, 20.0, 20.0, 20.0, 20.0, 20.0, 20.0, 20.0, 20.0, 20.0, 20.0, 20.0, 20.0, 20.0, 20.0, 20.0, 20.0, 20.0, 20.0, 20.0, 20.0, 20.0, 20.0, 20.0, 20.0, 20.0, 20.0, 20.0, 20.0, 20.0, 20.0, 20.0, 20.0, 20.0, 20.0, 20.0, 20.0, 20.0, 20.0, 20.0, 20.0, 20.0, 20.0, 20.0, 20.0, 20.0, 20.0, 20.0, 20.0, 20.0, 20.0, 20.0, 20.0, 20.0, 20.0, 20.0, 20.0, 20.0, 20.0, 20.0, 20.0, 20.0, 20.0, 20.0, 20.0, 20.0, 20.0, 20.0, 20.0, 20.0, 20.0, 20.0, 20.0, 20.0, 20.0, 20.0, 20.0, 20.0, 20.0, 20.0, 20.0, 20.0, 20.0, 20.0, 20.0, 20.0, 20.0, 20.0, 20.0, 19.866032652694525, 19.643356531652717, 19.42402664133682, 19.20798001771427, 18.995155118254168, 18.78549178453088, 18.578931205949914, 18.375415884558212, 18.174889600902688, 17.97729738090162, 17.782585463695522, 17.590701270444733, 17.40159337404251, 17.21521146971357, 17.03150634646881, 16.85042985938846, 16.67193490270646, 16.495975383670224, 16.322506197150616, 16.151483200978003, 15.982863191981107, 15.816603882706067, 15.652663878794169, 15.491002656997235, 15.331580543810487, 15.174358694703496, 15.019299073930318, 14.866364434900714, 14.715518301095068, 14.566724947505822, 14.419949382589461, 14.275157330712972, 14.132315215079743, 13.991390141120185, 13.85234988033277, 13.715162854561914, 13.579798120699305, 13.446225355795994, 13.31441484257276, 13.184337455316852, 13.055964646153535, 12.929268431681216, 12.804221379959333, 12.680796597838656, 12.558967718623698, 12.438708890057677, 12.319994762620357, 12.202800478129722, 12.087101658638673, 11.972874395618017, 11.860095239417626, 11.748741188997615, 11.6387896819218, 11.530218584605972, 11.423006182813593, 11.317131172391967, 11.212572650241981, 11.109310105514812, 11.00732341102925, 10.906592814903354, 10.807098932394458, 10.708822737941746, 10.61174555740562, 10.515849060498574, 10.421115253402112, 10.327526471564653, 10.235065372675406, 10.143714929809436, 10.05345842473913, 9.96427944140768, 9.876161859560021, 9.78908984852707, 9.703047861159044, 9.618020627903885, 9.5339931510269, 9.450950698967794, 9.368878800831451, 9.287763241008907, 9.207590053925017, 9.128345518909583, 9.05001615518849, 8.972588716991874, 8.896050188776172, 8.820387780557034, 8.745588923350338, 8.671641264718332, 8.598532664418318, 8.52625119015115, 8.454785113406952, 8.38412290540569, 8.314253233129977, 8.245164955447924, 8.176847119323627, 8.109288956113115, 8.042479877943615, 7.976409474173954, 7.911067507934139, 7.846443912742074, 7.782528789195467, 7.7193124017371355, 7.656785175491765, 7.594937693172446, 7.533760692055194, 7.473245061019793, 7.413381837655376, 7.354162205429057, 7.295577490916163, 7.237619161090495, 7.180278820673189, 7.123548209538773, 7.067419200176953, 7.011883795208894, 6.956934124956579, 6.902562445064025, 6.8487611341691395, 6.795522691624921, 6.7428397352689045, 6.690704999239676, 6.639111331839321, 6.588051693440788, 6.537519154438997, 6.4875068932447855, 6.438008194320591, 6.3890164462569405, 6.3405251398888, 6.2925278664508255, 6.245018315770631, 6.197990274499197, 6.151437624377529, 6.105354340538815, 6.059734489845143, 6.014572229258081, 5.9698618042423295, 5.925597547201641, 5.881773875946362, 5.838385292191769, 5.795426380086618, 5.752891804771132, 5.7107763109638014, 5.6690747215763855, 5.6277819363563975, 5.586892930556552, 5.546402753630502, 5.506306527954321, 5.466599447573156, 5.427276776972475, 5.388333849873381, 5.349766068051464, 5.311568900178662, 5.2737378806876505, 5.236268608658239, 5.199156746725311, 5.1623980200078465, 5.125988215058538, 5.089923178833611, 5.05419881768235, 5.018811096355945, 4.9837560370352305, 4.94902971837691, 4.914628274577902, 4.880547894457346, 4.8467848205559925, 4.813335348252516, 4.780195824896454, 4.74736264895741, 4.714832269190139, 4.682601183815233, 4.6506659397150525, 4.619023131644584, 4.587669401456921, 4.55660143734307, 4.525815973085756, 4.495309787326963, 4.465079702848927, 4.435122585868283, 4.405435345343119, 4.376014932292645, 4.346858339129248, 4.317962599002655, 4.2893247851559755, 4.260942010293376, 4.232811425959132, 4.204930221927864, 4.177295625605691, 4.149904901442125, 4.12275535035244, 4.095844309150353, 4.069169149990775, 4.04272727982245, 4.01651613985029, 3.990533205007179, 3.964775983435112, 3.9392420159754282, 3.913928875667995, 3.8888341672591618, 3.863955526718296, 3.839290620762747, 3.814837146391067, 3.7905928304243224, 3.766555429055354, 3.7427227274058197, 3.7190925390908616, 3.6956627057912677, 3.672431096832963, 3.649395608773715]
y2=[20.0, 20.0, 20.0, 20.0, 20.0, 20.0, 20.0, 20.0, 20.0, 20.0, 20.0, 20.0, 20.0, 20.0, 20.0, 20.0, 20.0, 20.0, 20.0, 20.0, 20.0, 20.0, 20.0, 20.0, 20.0, 20.0, 20.0, 20.0, 20.0, 20.0, 20.0, 20.0, 20.0, 20.0, 20.0, 20.0, 20.0, 20.0, 20.0, 20.0, 20.0, 20.0, 20.0, 20.0, 20.0, 20.0, 20.0, 20.0, 20.0, 20.0, 20.0, 20.0, 20.0, 20.0, 20.0, 20.0, 20.0, 20.0, 20.0, 20.0, 20.0, 20.0, 20.0, 20.0, 20.0, 20.0, 20.0, 20.0, 20.0, 20.0, 20.0, 20.0, 20.0, 20.0, 20.0, 20.0, 20.0, 20.0, 20.0, 20.0, 20.0, 20.0, 20.0, 20.0, 20.0, 20.0, 20.0, 20.0, 20.0, 20.0, 20.0, 20.0, 20.0, 20.0, 20.0, 20.0, 20.0, 20.0, 20.0, 20.0, 20.0, 20.0, 20.0, 20.0, 20.0, 20.0, 20.0, 20.0, 20.0, 20.0, 20.0, 20.0, 20.0, 20.0, 20.0, 20.0, 20.0, 20.0, 20.0, 20.0, 20.0, 20.0, 20.0, 20.0, 20.0, 20.0, 20.0, 20.0, 20.0, 20.0, 20.0, 20.0, 20.0, 20.0, 20.0, 20.0, 20.0, 20.0, 20.0, 20.0, 20.0, 20.0, 20.0, 20.0, 20.0, 20.0, 20.0, 20.0, 20.0, 20.0, 20.0, 20.0, 20.0, 20.0, 20.0, 20.0, 20.0, 20.0, 20.0, 20.0, 20.0, 20.0, 20.0, 20.0, 20.0, 20.0, 20.0, 20.0, 20.0, 20.0, 20.0, 20.0, 20.0, 20.0, 20.0, 20.0, 20.0, 20.0, 20.0, 20.0, 20.0, 20.0, 20.0, 20.0, 20.0, 20.0, 20.0, 20.0, 20.0, 20.0, 20.0, 20.0, 20.0, 20.0, 20.0, 20.0, 20.0, 20.0, 20.0, 20.0, 20.0, 20.0, 20.0, 20.0, 20.0, 20.0, 20.0, 20.0, 20.0, 20.0, 20.0, 20.0, 20.0, 20.0, 20.0, 20.0, 20.0, 20.0, 20.0, 20.0, 20.0, 20.0, 20.0, 20.0, 20.0, 20.0, 20.0, 20.0, 20.0, 20.0, 20.0, 20.0, 20.0, 20.0, 20.0, 20.0, 20.0, 20.0, 20.0, 20.0, 20.0, 20.0, 20.0, 20.0, 20.0, 20.0, 20.0, 20.0, 20.0, 20.0, 20.0, 20.0, 20.0, 20.0, 20.0, 20.0, 20.0, 20.0, 20.0, 20.0, 20.0, 20.0, 20.0, 20.0, 20.0, 20.0, 20.0, 20.0, 20.0, 20.0, 20.0, 20.0, 20.0, 20.0, 20.0, 20.0, 20.0, 20.0, 20.0, 20.0, 20.0, 20.0, 20.0, 20.0, 20.0, 20.0, 20.0, 20.0, 20.0, 20.0, 20.0, 20.0, 20.0, 20.0, 20.0, 20.0, 19.82465733567717, 19.632277139673715, 19.4424010930996, 19.25498836040704, 19.06999890543501, 18.887393473165115, 18.707133571952667, 18.529181456219025, 18.353500109591895, 18.180053228480443, 18.008805206072672, 17.839721116742908, 17.672766700857483, 17.507908349967348, 17.3451130923764, 17.184348579074943, 17.025583070027782, 16.868785420807026, 16.713925069559803, 16.56097202430146, 16.409896850525158, 16.260670659118965, 16.113265094581887, 15.967652323530606, 15.823805023488722, 15.681696371950842, 15.541300035713864, 15.402590160468165, 15.265541360641505, 15.13012870948892, 14.996327729421699, 14.864114382569147, 14.733465061566713, 14.604356580564442, 14.476766166449885, 14.350671450279586, 14.226050458913702, 14.102881606848271, 13.981143688239898, 13.860815869117861, 13.741877679778492, 13.62430900735723, 13.508090088573592, 13.39320150264452, 13.279624164361831, 13.167339317329326, 13.05632852735559, 12.94657367599833, 12.838056954256414, 12.730760856405833, 12.624668173975804, 12.519761989861532, 12.4160256725701, 12.31344287059608, 12.211997506923696, 12.111673773652157, 12.012456126741222, 11.91432928087391, 11.817278204433359, 11.721288114591161, 11.62634447250417, 11.532432978617269, 11.43953956806938, 11.347650406200168, 11.256751884155053, 11.166830614585939, 11.077873427445516, 10.98986736587269, 10.902799682166988, 10.81665783384981, 10.731429479810346, 10.64710247653417, 10.563664874412481, 10.48110491413007, 10.399411023130174, 10.318571812154278, 10.238576071855137, 10.159412769481309, 10.081071045631417, 10.003540211076597, 9.926809743649406, 9.85086928519774, 9.775708638602154, 9.701317764855125, 9.627686780200845, 9.554805953334101, 9.48266570265685, 9.411256593591213, 9.340569335947514, 9.270594781346187, 9.20132392069222, 9.132747881700965, 9.064857926474188, 8.99764544912511, 8.931101973451462, 8.865219150655328, 8.799988757108805, 8.73540269216442, 8.671452976009276, 8.608131747561998, 8.545431262411471, 8.483343890796437, 8.421862115625089, 8.3609785305337, 8.300685837983503, 8.240976847394906, 8.181844473318261, 8.123281733640354, 8.065281747825845, 8.007837735192924, 7.950943013222364, 7.894590995899308, 7.838775192087045, 7.7834892039320795, 7.728726725299864, 7.674481540240453, 7.620747521483507, 7.567518628961978, 7.514788908363849, 7.4625524897114115, 7.410803585967353, 7.359536491667225, 7.308745581577636, 7.2584253093796605, 7.208570206376963, 7.159174880228038, 7.110234013702121, 7.061742363458278, 7.013694758847118, 6.966086100734765, 6.9189113603485275, 6.872165578143853, 6.825843862692155, 6.779941389589012, 6.734453400382406, 6.68937520152051, 6.644702163318651, 6.600429718945085, 6.556553363425138, 6.513068652663409, 6.469971202483619, 6.427256687685736, 6.384920841120095, 6.342959452778081, 6.301368368899134, 6.260143491093645, 6.219280775481525, 6.178776231846054, 6.138625922802752, 6.098825962982957, 6.0593725182318146, 6.020261804820395, 5.981490088671661, 5.943053684600008, 5.904948955564117, 5.867172311932851, 5.8297202107639405, 5.792589155095209, 5.755775693248082, 5.719276418143172, 5.683087966627671, 5.6472070188143215, 5.611630297431782, 5.576354567186103, 5.541376634133166]
y3=[20.0, 20.0, 20.0, 20.0, 20.0, 20.0, 20.0, 20.0, 20.0, 20.0, 20.0, 20.0, 20.0, 20.0, 20.0, 20.0, 20.0, 20.0, 20.0, 20.0, 20.0, 20.0, 20.0, 20.0, 20.0, 20.0, 20.0, 20.0, 20.0, 20.0, 20.0, 20.0, 20.0, 20.0, 20.0, 20.0, 20.0, 20.0, 20.0, 20.0, 20.0, 20.0, 20.0, 20.0, 20.0, 20.0, 20.0, 20.0, 20.0, 20.0, 20.0, 20.0, 20.0, 20.0, 20.0, 20.0, 20.0, 20.0, 20.0, 20.0, 20.0, 20.0, 20.0, 20.0, 20.0, 20.0, 20.0, 20.0, 20.0, 20.0, 20.0, 20.0, 20.0, 20.0, 20.0, 20.0, 20.0, 20.0, 20.0, 20.0, 20.0, 20.0, 20.0, 20.0, 20.0, 20.0, 20.0, 20.0, 20.0, 20.0, 20.0, 20.0, 20.0, 20.0, 20.0, 20.0, 20.0, 20.0, 20.0, 20.0, 20.0, 20.0, 20.0, 20.0, 20.0, 20.0, 20.0, 20.0, 20.0, 20.0, 20.0, 20.0, 20.0, 20.0, 20.0, 20.0, 20.0, 20.0, 20.0, 20.0, 20.0, 20.0, 20.0, 20.0, 20.0, 20.0, 20.0, 20.0, 20.0, 20.0, 20.0, 20.0, 20.0, 20.0, 20.0, 20.0, 20.0, 20.0, 20.0, 20.0, 20.0, 20.0, 20.0, 20.0, 20.0, 20.0, 20.0, 20.0, 20.0, 20.0, 20.0, 20.0, 20.0, 20.0, 20.0, 20.0, 20.0, 20.0, 20.0, 20.0, 20.0, 20.0, 20.0, 20.0, 20.0, 20.0, 20.0, 20.0, 20.0, 20.0, 20.0, 20.0, 20.0, 20.0, 20.0, 20.0, 20.0, 20.0, 20.0, 20.0, 20.0, 20.0, 20.0, 20.0, 20.0, 20.0, 20.0, 20.0, 20.0, 20.0, 20.0, 20.0, 20.0, 20.0, 20.0, 20.0, 20.0, 20.0, 20.0, 20.0, 20.0, 20.0, 20.0, 20.0, 20.0, 20.0, 20.0, 20.0, 20.0, 20.0, 20.0, 20.0, 20.0, 20.0, 20.0, 20.0, 20.0, 20.0, 20.0, 20.0, 20.0, 20.0, 20.0, 20.0, 20.0, 20.0, 20.0, 20.0, 20.0, 20.0, 20.0, 20.0, 19.9312612555771, 19.684935600617568, 19.44268968115084, 19.204438922968322, 18.970100854635493, 18.73959504659329, 18.512843052270703, 18.289768351134082, 18.070296293601466, 17.85435404775371, 17.64187054777635, 17.432776444069326, 17.22700405496398, 17.02448731998915, 16.8251617546307, 16.628964406530837, 16.43583381307582, 16.24570996032275, 16.05853424321782, 15.874249427060708, 15.69279961017102, 15.514130187714914, 15.33818781665138, 15.164920381759224, 14.994276962707453, 14.826207802133041, 14.660664274691449, 14.497598857046778, 14.336965098769316, 14.178717594109893, 14.022811954621272, 13.869204782598041, 13.717853645307649, 13.568717049985967, 13.421754419572089, 13.276926069157705, 13.134193183127474, 12.993517792967683, 12.854862755721149, 12.71819173306738, 12.583469171007494, 12.450660280134343, 12.31973101646892, 12.190648062844742, 12.063378810822709, 11.937891343119377, 11.814154416532327, 11.692137445346885, 11.571810485208823, 11.453144217448537, 11.336109933842343, 11.22067952179726, 11.106825449946196, 10.994520754140483, 10.883739023827799, 10.774454388803285, 10.666641506322533, 10.560275548565334, 10.455332190439385, 10.351787597713704, 10.249618415471682, 10.148801756874112, 10.04931519222288, 9.951136738316238, 9.85424484808699, 9.758618400515088, 9.664236690806502, 9.571079420830491, 9.479126689807597, 9.388358985241025, 9.298757174084233, 9.210302494137832, 9.122976545669111, 9.036761283247733, 8.951639007791302, 8.86759235881479, 8.784604306877895, 8.702658146224739, 8.621737487610297, 8.541826251308365, 8.462908660295767, 8.384969233607915, 8.307992779860864, 8.231964390935133, 8.1568694358168, 8.082693554591467, 8.009422652586784, 7.937042894659494, 7.865540699622913, 7.794902734811004, 7.7251159107752745, 7.656167376110878, 7.588044512408313, 7.520734929327412, 7.454226459790159, 7.388507155289221, 7.3235652813090155, 7.259389312856267, 7.195967930097183, 7.133290014098304, 7.071344642668316, 7.010121086298124, 6.949608804196558, 6.8897974404192395, 6.830676820088062, 6.7722369456989755, 6.714467993515732, 6.657360310047322, 6.600904408606976, 6.54509096595054, 6.4899108189922305, 6.435354961595724, 6.381414541438645, 6.328080856948617, 6.275345354308962, 6.223199624532331, 6.171635400600502, 6.120644554668676, 6.0702190953326465, 6.020351164957235, 5.971033037064459, 5.922257113779933, 5.874015923336027, 5.826302117630413, 5.779108469838548, 5.732427872078822, 5.686253333129018, 5.640577976192828, 5.595395036715241, 5.550697860245501, 5.50647990034658, 5.4627347165499485, 5.4194559723545686, 5.376637433269075, 5.3342729648960026, 5.292356531057147, 5.250882191959002, 5.209844102397319, 5.16923650999989, 5.129053753506588, 5.089290261085811, 5.049940548686446, 5.010999218424524, 4.972460957003742, 4.9343205341690455, 4.896572801192499, 4.859212689390691, 4.822235208672922, 4.785635446119487, 4.749408564589311, 4.7135498013562795, 4.678054466773616, 4.642917942965597, 4.6081356825460755, 4.573703207363089, 4.5396161072690235, 4.505870038915734, 4.472460724574024, 4.439383950976996, 4.406635568186649, 4.374211488483254, 4.342107685276978, 4.310320192041249, 4.278845101267389, 4.247678563440013, 4.216816786032761, 4.186256032523889, 4.15599262143127, 4.126022925366419, 4.096343370107057, 4.06695043368786, 4.0378406455089575, 4.009010585461807, 3.9804568830720726, 3.952176216659102, 3.9241653125116853, 3.896420944079703, 3.8689399311813357, 3.84171913922551, 3.814755478449229, 3.7880459031694724, 3.7615874110493746, 3.735377042378333, 3.709411879365808, 3.6836890454484563, 3.658205704610365, 3.632959060716084, 3.6079463568561865, 3.583164874705116, 3.558611933891019, 3.534284891377351, 3.51018114085599, 3.4862981121516117, 3.4626332706371166, 3.4391841166598454, 3.4159481849783817, 3.3929230442097205, 3.3701062962865644, 3.3474955759245857, 3.325088550099405, 3.3028829175330947, 3.2808764081900397, 3.2590667827819297, 3.2374518322817183, 3.216029377446366, 3.194797268348163, 3.1737533839145047, 3.152895631475893, 3.132221946322057, 3.111730291265974, 3.091418656215671, 3.071285057753637, 3.051327538723684, 3.0315441678251385, 3.0119330392141754, 2.992492272112194, 2.9732200104210644, 2.9541144223451257, 2.9351737000198055, 2.9163960591467153, 2.897779738635107, 2.8793230002495647, 2.861024128263795, 2.842881429120432, 2.824893231096695, 2.807057883975822, 2.7893737587241434, 2.7718392471737006, 2.754452761710301]
